3	400229
4	200334
5	114050
6	71464
7	47298
8	33031
9	24093
10	18364
11	13963
12	11171
13	8905
14	7157
15	5744
16	4883
17	4124
18	3568
19	3023
20	2557
21	2325
22	1996
23	1733
24	1569
25	1367
26	1201
27	1109
28	969
29	889
30	813
31	751
32	670
33	663
34	550
35	524
36	463
37	418
38	403
39	404
40	331
41	319
42	292
43	269
44	238
45	230
46	247
47	201
48	177
49	172
50	182
51	192
52	171
53	134
54	154
55	135
56	114
57	124
58	125
59	101
60	123
61	101
62	102
63	86
64	79
65	91
66	87
67	77
68	65
69	57
70	76
71	59
72	47
73	57
74	70
75	49
76	50
77	61
78	53
79	52
80	42
81	46
82	42
83	40
84	42
85	36
86	36
87	25
88	35
89	40
90	26
91	22
92	25
93	25
94	24
95	28
96	26
97	27
98	32
99	24
100	26
101	25
102	18
103	21
104	19
105	19
106	23
107	15
108	28
109	18
110	19
111	14
112	14
113	17
114	12
115	15
116	18
117	15
118	13
119	16
120	11
121	12
122	16
123	9
124	11
125	18
126	13
127	14
128	8
129	10
130	8
131	13
132	10
133	9
134	5
135	14
136	10
137	9
138	8
139	8
140	10
141	9
142	9
143	11
144	7
145	9
146	5
147	3
148	6
149	6
150	5
151	7
152	7
153	9
154	9
155	3
156	5
157	11
158	6
159	5
160	4
161	4
162	6
163	5
164	6
165	9
166	9
167	7
169	10
170	6
171	3
172	5
173	5
174	5
175	4
176	3
177	11
178	8
179	10
180	4
181	2
182	1
183	1
184	9
185	3
186	4
187	1
188	3
189	7
190	2
191	7
192	4
193	1
194	3
195	3
196	1
197	5
198	6
199	5
200	6
201	5
202	4
203	7
205	1
206	3
207	2
208	3
209	3
210	1
211	2
212	1
213	2
214	3
215	2
217	1
218	2
219	2
220	2
221	3
222	2
223	4
224	1
225	1
226	1
228	1
229	4
231	3
233	3
235	2
236	5
237	1
238	4
241	2
242	2
243	1
245	3
246	3
247	2
248	2
249	4
250	3
251	4
252	2
253	1
254	1
255	2
256	1
257	1
258	2
259	1
260	1
261	2
262	3
263	2
264	2
265	2
267	2
269	1
270	1
271	1
272	1
273	1
274	1
275	3
276	1
278	2
280	1
283	3
285	2
286	1
288	2
289	2
291	6
292	2
296	3
297	2
299	1
302	3
307	1
308	1
310	2
311	1
312	1
313	4
315	2
316	3
318	3
321	1
323	1
324	3
329	1
331	2
332	2
334	3
343	1
345	1
348	2
357	2
358	1
360	1
363	2
364	1
365	2
366	5
367	1
371	3
377	1
379	2
380	1
387	1
388	1
389	1
395	1
397	1
398	1
405	1
406	1
408	1
413	1
415	1
419	1
421	1
423	2
425	2
427	1
432	1
435	1
437	1
441	1
446	2
456	1
459	1
460	1
463	1
475	1
476	1
482	1
484	1
485	1
487	1
495	1
496	1
498	1
529	1
532	1
535	1
537	1
538	1
557	1
564	1
568	1
571	1
574	1
587	1
604	1
605	2
608	1
656	1
664	1
665	1
673	1
675	1
681	1
682	1
712	1
717	1
757	1
759	1
774	1
798	1
809	1
829	1
831	1
843	1
886	1
909	1
910	1
1013	1
1205	1
1223	1
1379	1
1407	1
1433	1
1542	1
1697	1
1854	1
3600	1
